File		Time(s)			Value				RelErr
small_1:	0.00143,		295.0000,			0.0000
small_2:	0.32541,		1016.0000,			0.0078
small_3:	0.00026,		35.0000,			0.0000
small_4:	0.00026,		23.0000,			0.0000
small_5:	0.14866,		463.5701,			0.0364
small_6:	0.00763,		52.0000,			0.0000
small_7:	0.00034,		107.0000,			0.0000
small_8:	0.00055,		9688.0000,			0.0081
small_9:	0.00000,		130.0000,			0.0000
small_10:	0.37338,		1019.0000,			0.0059
large_1:	1.597868,		8940.00,			0.0226
large_2:	8.254038,		10631.00,			0.0540
large_3:	79.055200,		26950.00,			0.0661
large_4:	460.599803,		52217.50,			0.0419
large_5:	495.412297,		64629.00,			0.4158
large_6:	524.126081,		143352.00,			0.4815
large_7:	562.751013,		276318.60,			0.5098
large_8:	2.066353,		1265.00,			0.1645
large_9:	3.228614,		1440.00,			0.1187
large_10:	84.194192,		3934.00,			0.1384
large_11:	453.824837,		7160.00,			0.2090
large_12:	407.697797,		12696.30,			0.2966
large_13:	261.371689,		29069.00,			0.3446
large_14:	397.535581,		56252.00,			0.3764
large_15:	1.826046,		2197.00,			0.0834
large_16:	2.950267,		2495.00,			0.0749
large_17:	81.996250,		6112.00,			0.1412
large_18:	398.186598,		11650.00,			0.1904
large_19:	62.589059,		22006.00,			0.2390
large_20:	468.646738,		52797.00,			0.2718
large_21:	560.116810,		103612.80,			0.2948
