File		Time(s)			Value				RelErr
small_1:	0.01058,		295.0000,			0.0000
small_2:	0.00928,		1024.0000,			0.0000
small_3:	0.00352,		35.0000,			0.0000
small_4:	0.00070,		23.0000,			0.0000
small_5:	0.01532,		481.0694,			0.0000
small_6:	0.00500,		52.0000,			0.0000
small_7:	0.00100,		107.0000,			0.0000
small_8:	0.07281,		9767.0000,			0.0000
small_9:	0.00098,		130.0000,			0.0000
small_10:	0.00809,		1025.0000,			0.0000
large_1:	190.435403,		9147.00,			0.0000
large_2:	22.310545,		10516.00,			0.0642
large_3:	286.080882,		22101.00,			0.2341
large_4:	430.123439,		28875.00,			0.4702
large_5:	250.577972,		35500.00,			0.6791
large_6:	147.644175,		50959.00,			0.8157
large_7:	140.582754,		78551.00,			0.8606
large_8:	393.120495,		1418.00,			0.0634
large_9:	416.386734,		1433.00,			0.1230
large_10:	169.335427,		3397.00,			0.2560
large_11:	525.684510,		6231.90,			0.3115
large_12:	348.989086,		11748.00,			0.3492
large_13:	343.713334,		26684.00,			0.3984
large_14:	505.038291,		51878.60,			0.4249
large_15:	15.019867,		1896.00,			0.2090
large_16:	98.872292,		1896.00,			0.2970
large_17:	78.602875,		3817.00,			0.4637
large_18:	240.684415,		6990.00,			0.5142
large_19:	211.850252,		13019.00,			0.5498
large_20:	33.643316,		31205.00,			0.5696
large_21:	301.343537,		61119.00,			0.5840
