File		Time(s)			Value				RelErr
small_1:	0.00959,		295.0000,			0.0000
small_2:	0.00972,		1024.0000,			0.0000
small_3:	0.00345,		35.0000,			0.0000
small_4:	0.00067,		23.0000,			0.0000
small_5:	0.01619,		481.0694,			0.0000
small_6:	0.00496,		52.0000,			0.0000
small_7:	0.00085,		107.0000,			0.0000
small_8:	0.06613,		9767.0000,			0.0000
small_9:	0.00097,		130.0000,			0.0000
small_10:	0.00862,		1025.0000,			0.0000
large_1:	219.066818,		9147.00,			0.0000
large_2:	45.035700,		10555.00,			0.0608
large_3:	401.183089,		18590.00,			0.3558
large_4:	228.608137,		23504.00,			0.5688
large_5:	504.810600,		33742.50,			0.6950
large_6:	77.853997,		46330.00,			0.8324
large_7:	50.884886,		74568.00,			0.8677
large_8:	56.720648,		1433.00,			0.0535
large_9:	239.313137,		1416.00,			0.1334
large_10:	280.666967,		3354.00,			0.2654
large_11:	422.623949,		6166.00,			0.3188
large_12:	189.314965,		11324.00,			0.3727
large_13:	148.478422,		26743.00,			0.3971
large_14:	270.028542,		52187.60,			0.4214
large_15:	15.163644,		1896.00,			0.2090
large_16:	99.602382,		1896.00,			0.2970
large_17:	74.463686,		3817.00,			0.4637
large_18:	230.701348,		6990.00,			0.5142
large_19:	210.974878,		13019.00,			0.5498
large_20:	33.357687,		31205.00,			0.5696
large_21:	301.317768,		61119.00,			0.5840
